doc_ 5
2 (0.46808510638297868, 0.11282051282051282, 0.18181818181818182)
3 (0.41025641025641024, 0.20512820512820512, 0.27350427350427348)
4 (0.40963855421686746, 0.087179487179487175, 0.14376321353065535)
5 (0.40136054421768708, 0.15128205128205127, 0.21973929236499065)
doc_ 10
2 (0.55555555555555558, 0.076923076923076927, 0.13513513513513514)
3 (0.54918032786885251, 0.1717948717948718, 0.26171875)
4 (0.70967741935483875, 0.11282051282051282, 0.19469026548672566)
5 (0.62376237623762376, 0.16153846153846155, 0.25661914460285135)
doc_ 15
2 (0.64748201438848918, 0.23076923076923078, 0.34026465028355385)
3 (0.59437751004016059, 0.37948717948717947, 0.46322378716744911)
4 (0.65333333333333332, 0.25128205128205128, 0.36296296296296293)
5 (0.61352657004830913, 0.32564102564102565, 0.42546063651591287)
doc_ 20
2 (0.56034482758620685, 0.16666666666666666, 0.25691699604743079)
3 (0.55111111111111111, 0.31794871794871793, 0.40325203252032521)
4 (0.59848484848484851, 0.20256410256410257, 0.30268199233716475)
5 (0.56842105263157894, 0.27692307692307694, 0.3724137931034483)
doc_ 25
2 (0.64779874213836475, 0.26410256410256411, 0.37522768670309653)
3 (0.61654135338345861, 0.42051282051282052, 0.5)
4 (0.65000000000000002, 0.26666666666666666, 0.37818181818181823)
5 (0.62325581395348839, 0.34358974358974359, 0.44297520661157025)
doc_ 30
2 (0.66225165562913901, 0.25641025641025639, 0.36968576709796674)
3 (0.65461847389558236, 0.41794871794871796, 0.51017214397496091)
4 (0.72619047619047616, 0.31282051282051282, 0.43727598566308251)
5 (0.67772511848341233, 0.36666666666666664, 0.475873544093178)
doc_ 35
2 (0.71739130434782616, 0.25384615384615383, 0.375)
3 (0.64502164502164505, 0.38205128205128203, 0.4798711755233494)
4 (0.71523178807947008, 0.27692307692307694, 0.39926062846580407)
5 (0.67010309278350511, 0.33333333333333331, 0.44520547945205474)
doc_ 40
2 (0.63157894736842102, 0.18461538461538463, 0.2857142857142857)
3 (0.63111111111111107, 0.36410256410256409, 0.46178861788617886)
4 (0.69930069930069916, 0.25641025641025639, 0.37523452157598497)
5 (0.6734693877551019, 0.33846153846153848, 0.45051194539249151)
doc_ 45
2 (0.75524475524475509, 0.27692307692307694, 0.40525328330206373)
3 (0.69339622641509446, 0.37692307692307692, 0.48837209302325574)
4 (0.77868852459016391, 0.24358974358974358, 0.37109375000000006)
5 (0.73404255319148937, 0.35384615384615387, 0.47750865051903113)
doc_ 50
2 (0.74038461538461542, 0.19743589743589743, 0.31174089068825911)
3 (0.65680473372781079, 0.2846153846153846, 0.39713774597495527)
4 (0.73636363636363633, 0.2076923076923077, 0.32400000000000001)
5 (0.70833333333333337, 0.26153846153846155, 0.38202247191011235)
doc_ 55
2 (0.81896551724137945, 0.24358974358974358, 0.37549407114624511)
3 (0.72972972972972971, 0.34615384615384615, 0.4695652173913043)
4 (0.80180180180180183, 0.2282051282051282, 0.35528942115768458)
5 (0.77639751552795033, 0.32051282051282054, 0.45372050816696924)
doc_ 60
2 (0.66433566433566438, 0.24358974358974358, 0.35647279549718569)
3 (0.64853556485355646, 0.39743589743589741, 0.49284578696343401)
4 (0.72077922077922074, 0.2846153846153846, 0.40808823529411759)
5 (0.64220183486238536, 0.35897435897435898, 0.46052631578947367)
doc_ 65
2 (0.75968992248062017, 0.25128205128205128, 0.37764932562620429)
3 (0.69322709163346619, 0.44615384615384618, 0.54290171606864279)
4 (0.73626373626373631, 0.34358974358974359, 0.46853146853146849)
5 (0.71830985915492951, 0.3923076923076923, 0.50746268656716409)
doc_ 70
2 (0.63815789473684215, 0.24871794871794872, 0.35793357933579334)
3 (0.61943319838056676, 0.3923076923076923, 0.48037676609105184)
4 (0.65822784810126578, 0.26666666666666666, 0.37956204379562042)
5 (0.64500000000000002, 0.33076923076923076, 0.43728813559322038)
doc_ 75
2 (0.72357723577235766, 0.2282051282051282, 0.34697855750487322)
3 (0.71563981042654023, 0.38717948717948719, 0.50249584026622296)
4 (0.79545454545454541, 0.26923076923076922, 0.40229885057471265)
5 (0.75722543352601157, 0.33589743589743587, 0.4653641207815275)
doc_ 80
2 (0.7967479674796748, 0.25128205128205128, 0.38206627680311889)
3 (0.71657754010695185, 0.34358974358974359, 0.46447140381282498)
4 (0.75757575757575757, 0.25641025641025639, 0.38314176245210724)
5 (0.6875, 0.31025641025641026, 0.42756183745583043)
doc_ 85
2 (0.75609756097560976, 0.31794871794871793, 0.44765342960288801)
3 (0.6734693877551019, 0.42307692307692307, 0.51968503937007871)
4 (0.76249999999999996, 0.31282051282051282, 0.44363636363636361)
5 (0.73544973544973535, 0.35641025641025642, 0.48013816925734032)
doc_ 90
2 (0.65333333333333332, 0.25128205128205128, 0.36296296296296293)
3 (0.61003861003861004, 0.40512820512820513, 0.48690292758089371)
4 (0.6470588235294118, 0.25384615384615383, 0.36464088397790057)
5 (0.60869565217391308, 0.32307692307692309, 0.4221105527638192)
doc_ 95
2 (0.74657534246575341, 0.27948717948717949, 0.40671641791044777)
3 (0.69268292682926824, 0.36410256410256409, 0.47731092436974781)
4 (0.75, 0.23846153846153847, 0.36186770428015563)
5 (0.70056497175141241, 0.31794871794871793, 0.43738977072310403)
doc_ 100
2 (0.72499999999999998, 0.22307692307692309, 0.3411764705882353)
3 (0.68396226415094341, 0.37179487179487181, 0.48172757475083056)
4 (0.74100719424460415, 0.26410256410256411, 0.38941398865784499)
5 (0.67759562841530041, 0.31794871794871793, 0.43280977312390922)
