doc_ 5
C: 10 | (0.0, 0.0, 0.0)
C: 30 | (0.0, 0.0, 0.0)
C: 100 | (0.0, 0.0, 0.0)
C: 300 | (0.0, 0.0, 0.0)
C: 1000 | (0.0, 0.0, 0.0)
doc_ 10
C: 10 | (1.0, 0.010256410256410256, 0.020304568527918784)
C: 30 | (0.75, 0.015384615384615385, 0.030150753768844223)
C: 100 | (0.80000000000000004, 0.020512820512820513, 0.039999999999999994)
C: 300 | (0.81818181818181823, 0.023076923076923078, 0.044887780548628436)
C: 1000 | (0.76923076923076927, 0.02564102564102564, 0.049627791563275424)
doc_ 15
C: 10 | (0.7599999999999999, 0.048717948717948718, 0.091566265060240959)
C: 30 | (0.59090909090909094, 0.10000000000000001, 0.17105263157894737)
C: 100 | (0.53125, 0.13076923076923078, 0.20987654320987656)
C: 300 | (0.5, 0.13846153846153847, 0.2168674698795181)
C: 1000 | (0.48760330578512395, 0.15128205128205127, 0.23091976516634055)
doc_ 20
C: 10 | (0.73333333333333328, 0.056410256410256411, 0.10476190476190478)
C: 30 | (0.70833333333333337, 0.087179487179487175, 0.15525114155251141)
C: 100 | (0.6470588235294118, 0.11282051282051282, 0.19213973799126638)
C: 300 | (0.65476190476190477, 0.14102564102564102, 0.2320675105485232)
C: 1000 | (0.58823529411764708, 0.15384615384615385, 0.24390243902439024)
doc_ 25
C: 10 | (0.70588235294117652, 0.061538461538461542, 0.11320754716981132)
C: 30 | (0.68421052631578949, 0.10000000000000001, 0.17449664429530204)
C: 100 | (0.68354430379746822, 0.13846153846153847, 0.2302771855010661)
C: 300 | (0.67010309278350511, 0.16666666666666666, 0.26694045174537989)
C: 1000 | (0.64761904761904765, 0.17435897435897435, 0.27474747474747474)
doc_ 30
C: 10 | (0.81081081081081086, 0.076923076923076927, 0.14051522248243559)
C: 30 | (0.79797979797979812, 0.20256410256410257, 0.32310838445807777)
C: 100 | (0.67924528301886788, 0.27692307692307694, 0.39344262295081972)
C: 300 | (0.66666666666666663, 0.30769230769230771, 0.42105263157894729)
C: 1000 | (0.66839378238341973, 0.33076923076923076, 0.44253859348198965)
doc_ 35
C: 10 | (0.8787878787878789, 0.074358974358974358, 0.13711583924349882)
C: 30 | (0.78021978021978022, 0.18205128205128204, 0.29521829521829523)
C: 100 | (0.72519083969465647, 0.24358974358974358, 0.36468330134357002)
C: 300 | (0.70270270270270274, 0.26666666666666666, 0.38661710037174718)
C: 1000 | (0.67878787878787883, 0.28717948717948716, 0.40360360360360359)
doc_ 40
C: 10 | (0.70967741935483875, 0.056410256410256411, 0.10451306413301663)
C: 30 | (0.71428571428571419, 0.14102564102564102, 0.23554603854389719)
C: 100 | (0.70175438596491224, 0.20512820512820512, 0.3174603174603175)
C: 300 | (0.67625899280575541, 0.24102564102564103, 0.35538752362948955)
C: 1000 | (0.63749999999999996, 0.26153846153846155, 0.37090909090909097)
doc_ 45
C: 10 | (0.88888888888888884, 0.10256410256410256, 0.18390804597701149)
C: 30 | (0.79569892473118276, 0.18974358974358974, 0.30641821946169773)
C: 100 | (0.73202614379084974, 0.28717948717948716, 0.41252302025782689)
C: 300 | (0.69270833333333337, 0.34102564102564104, 0.457044673539519)
C: 1000 | (0.67555555555555569, 0.38974358974358975, 0.4943089430894308)
doc_ 50
C: 10 | (0.90000000000000002, 0.023076923076923078, 0.045000000000000005)
C: 30 | (0.828125, 0.13589743589743589, 0.23348017621145373)
C: 100 | (0.74380165289256195, 0.23076923076923078, 0.35225048923679059)
C: 300 | (0.64161849710982655, 0.2846153846153846, 0.3943161634103019)
C: 1000 | (0.58173076923076927, 0.31025641025641026, 0.40468227424749165)
doc_ 55
C: 10 | (0.86363636363636365, 0.048717948717948718, 0.092233009708737865)
C: 30 | (0.80597014925373123, 0.13846153846153847, 0.23632385120350111)
C: 100 | (0.75, 0.24615384615384617, 0.37065637065637069)
C: 300 | (0.7100591715976331, 0.30769230769230771, 0.4293381037567085)
C: 1000 | (0.69849246231155782, 0.35641025641025642, 0.47198641765704585)
doc_ 60
C: 10 | (0.80000000000000004, 0.030769230769230771, 0.059259259259259262)
C: 30 | (0.7846153846153846, 0.13076923076923078, 0.22417582417582418)
C: 100 | (0.67910447761194015, 0.23333333333333334, 0.34732824427480913)
C: 300 | (0.61780104712041883, 0.30256410256410254, 0.40619621342512913)
C: 1000 | (0.60504201680672265, 0.36923076923076925, 0.45859872611464969)
doc_ 65
C: 10 | (0.88636363636363635, 0.10000000000000001, 0.17972350230414746)
C: 30 | (0.87096774193548387, 0.2076923076923077, 0.3354037267080745)
C: 100 | (0.80405405405405406, 0.30512820512820515, 0.44237918215613387)
C: 300 | (0.73300970873786409, 0.38717948717948719, 0.50671140939597314)
C: 1000 | (0.67843137254901964, 0.44358974358974357, 0.5364341085271318)
doc_ 70
C: 10 | (0.81818181818181823, 0.046153846153846156, 0.087378640776699032)
C: 30 | (0.81034482758620696, 0.12051282051282051, 0.20982142857142855)
C: 100 | (0.76612903225806461, 0.24358974358974358, 0.36964980544747084)
C: 300 | (0.72413793103448276, 0.32307692307692309, 0.44680851063829785)
C: 1000 | (0.69668246445497628, 0.37692307692307692, 0.48918469217970045)
doc_ 75
C: 10 | (0.94117647058823528, 0.041025641025641026, 0.078624078624078636)
C: 30 | (0.8571428571428571, 0.1076923076923077, 0.19134396355353078)
C: 100 | (0.78217821782178221, 0.20256410256410257, 0.32179226069246436)
C: 300 | (0.75163398692810457, 0.29487179487179488, 0.42357274401473294)
C: 1000 | (0.70707070707070707, 0.35897435897435898, 0.47619047619047616)
doc_ 80
C: 10 | (0.69999999999999996, 0.017948717948717947, 0.034999999999999996)
C: 30 | (0.85416666666666663, 0.10512820512820513, 0.18721461187214616)
C: 100 | (0.81553398058252424, 0.2153846153846154, 0.34077079107505071)
C: 300 | (0.76027397260273977, 0.2846153846153846, 0.41417910447761197)
C: 1000 | (0.6901408450704225, 0.37692307692307692, 0.48756218905472631)
doc_ 85
C: 10 | (0.88888888888888884, 0.041025641025641026, 0.078431372549019607)
C: 30 | (0.81666666666666665, 0.12564102564102564, 0.21777777777777776)
C: 100 | (0.78813559322033888, 0.23846153846153847, 0.36614173228346464)
C: 300 | (0.78527607361963192, 0.3282051282051282, 0.46292947558770337)
C: 1000 | (0.75862068965517238, 0.39487179487179486, 0.51939291736930859)
doc_ 90
C: 10 | (0.90476190476190466, 0.048717948717948718, 0.092457420924574221)
C: 30 | (0.79629629629629628, 0.11025641025641025, 0.19369369369369369)
C: 100 | (0.73148148148148151, 0.20256410256410257, 0.31726907630522083)
C: 300 | (0.70063694267515919, 0.28205128205128205, 0.40219378427787933)
C: 1000 | (0.63902439024390245, 0.33589743589743587, 0.44033613445378145)
doc_ 95
C: 10 | (1.0, 0.01282051282051282, 0.025316455696202531)
C: 30 | (0.73809523809523814, 0.079487179487179482, 0.14351851851851852)
C: 100 | (0.71653543307086598, 0.23333333333333334, 0.3520309477756286)
C: 300 | (0.68648648648648647, 0.32564102564102565, 0.44173913043478258)
C: 1000 | (0.66228070175438591, 0.38717948717948719, 0.48867313915857608)
doc_ 100
C: 10 | (0.80000000000000004, 0.041025641025641026, 0.078048780487804878)
C: 30 | (0.77777777777777768, 0.12564102564102564, 0.21633554083885212)
C: 100 | (0.77692307692307694, 0.258974358974359, 0.38846153846153847)
C: 300 | (0.73142857142857143, 0.3282051282051282, 0.45309734513274336)
C: 1000 | (0.71028037383177567, 0.38974358974358975, 0.50331125827814571)
