doc_ 100
n: 10 | (0.63961038961038963, 0.50512820512820511, 0.56446991404011471)
n: 30 | (0.64110429447852757, 0.53589743589743588, 0.58379888268156421)
n: 50 | (0.66562500000000002, 0.5461538461538461, 0.59999999999999998)
n: 70 | (0.66037735849056589, 0.53846153846153844, 0.59322033898305082)
n: 100 | (0.65189873417721522, 0.52820512820512822, 0.58356940509915023)
n: 130 | (0.66134185303514381, 0.53076923076923077, 0.58890469416785196)
n: 150 | (0.64649681528662417, 0.52051282051282055, 0.57670454545454541)
doc_ 95
n: 10 | (0.59861591695501726, 0.44358974358974357, 0.50957290132547872)
n: 30 | (0.64948453608247425, 0.48461538461538461, 0.55506607929515417)
n: 50 | (0.63210702341137126, 0.48461538461538461, 0.54862119013062405)
n: 70 | (0.6262295081967213, 0.48974358974358972, 0.54964028776978413)
n: 100 | (0.65540540540540537, 0.49743589743589745, 0.56559766763848407)
n: 130 | (0.65016501650165015, 0.50512820512820511, 0.56854256854256857)
n: 150 | (0.64569536423841056, 0.5, 0.56358381502890176)
doc_ 90
n: 10 | (0.64827586206896548, 0.48205128205128206, 0.55294117647058816)
n: 30 | (0.6216216216216216, 0.47179487179487178, 0.53644314868804666)
n: 50 | (0.61643835616438358, 0.46153846153846156, 0.52785923753665698)
n: 70 | (0.62251655629139069, 0.48205128205128206, 0.54335260115606943)
n: 100 | (0.6174496644295302, 0.47179487179487178, 0.53488372093023251)
n: 130 | (0.6537102473498233, 0.47435897435897434, 0.54977711738484403)
n: 150 | (0.63422818791946312, 0.48461538461538461, 0.54941860465116277)
doc_ 85
n: 10 | (0.68456375838926165, 0.52307692307692311, 0.59302325581395343)
n: 30 | (0.67924528301886788, 0.55384615384615388, 0.61016949152542366)
n: 50 | (0.67961165048543692, 0.53846153846153844, 0.60085836909871237)
n: 70 | (0.68633540372670809, 0.56666666666666665, 0.62078651685393271)
n: 100 | (0.6840390879478826, 0.53846153846153844, 0.60258249641319939)
n: 130 | (0.67405063291139233, 0.5461538461538461, 0.60339943342776214)
n: 150 | (0.67084639498432597, 0.54871794871794877, 0.60366713681241191)
doc_ 80
n: 10 | (0.69649805447470814, 0.45897435897435895, 0.55332302936630606)
n: 30 | (0.6962962962962963, 0.48205128205128206, 0.5696969696969697)
n: 50 | (0.71111111111111125, 0.49230769230769234, 0.58181818181818179)
n: 70 | (0.71482889733840305, 0.48205128205128206, 0.57580398162327717)
n: 100 | (0.69343065693430661, 0.48717948717948717, 0.57228915662650603)
n: 130 | (0.71691176470588247, 0.5, 0.5891238670694865)
n: 150 | (0.70676691729323304, 0.48205128205128206, 0.57317073170731714)
doc_ 75
n: 10 | (0.63513513513513509, 0.48205128205128206, 0.54810495626822153)
n: 30 | (0.65830721003134796, 0.53846153846153844, 0.59238363892806767)
n: 50 | (0.65408805031446537, 0.53333333333333333, 0.58757062146892658)
n: 70 | (0.67484662576687116, 0.5641025641025641, 0.61452513966480449)
n: 100 | (0.66253869969040247, 0.54871794871794877, 0.600280504908836)
n: 130 | (0.66562500000000002, 0.5461538461538461, 0.59999999999999998)
n: 150 | (0.66249999999999998, 0.54358974358974355, 0.59718309859154928)
doc_ 70
n: 10 | (0.67266187050359716, 0.4794871794871795, 0.559880239520958)
n: 30 | (0.6827586206896552, 0.50769230769230766, 0.58235294117647052)
n: 50 | (0.66118421052631582, 0.51538461538461533, 0.57925072046109505)
n: 70 | (0.69534050179211471, 0.49743589743589745, 0.57997010463378174)
n: 100 | (0.68041237113402064, 0.50769230769230766, 0.58149779735682816)
n: 130 | (0.68055555555555558, 0.50256410256410255, 0.57817109144542767)
n: 150 | (0.67785234899328861, 0.517948717948718, 0.58720930232558155)
doc_ 65
n: 10 | (0.64923076923076928, 0.54102564102564099, 0.59020979020979014)
n: 30 | (0.680379746835443, 0.55128205128205132, 0.60906515580736553)
n: 50 | (0.63829787234042556, 0.53846153846153844, 0.58414464534075095)
n: 70 | (0.66666666666666663, 0.55897435897435899, 0.608089260808926)
n: 100 | (0.66972477064220182, 0.56153846153846154, 0.61087866108786615)
n: 130 | (0.65030674846625769, 0.54358974358974355, 0.5921787709497206)
n: 150 | (0.65312499999999996, 0.53589743589743588, 0.58873239436619718)
doc_ 60
n: 10 | (0.63602941176470584, 0.44358974358974357, 0.52265861027190319)
n: 30 | (0.65540540540540537, 0.49743589743589745, 0.56559766763848407)
n: 50 | (0.65762711864406775, 0.49743589743589745, 0.56642335766423368)
n: 70 | (0.64666666666666661, 0.49743589743589745, 0.56231884057971027)
n: 100 | (0.6476510067114094, 0.49487179487179489, 0.56104651162790697)
n: 130 | (0.64918032786885249, 0.50769230769230766, 0.56978417266187054)
n: 150 | (0.6428571428571429, 0.50769230769230766, 0.56733524355300868)
doc_ 55
n: 10 | (0.62629757785467133, 0.46410256410256412, 0.53313696612665684)
n: 30 | (0.63907284768211925, 0.49487179487179489, 0.55780346820809246)
n: 50 | (0.64951768488745976, 0.517948717948718, 0.57631954350927239)
n: 70 | (0.63694267515923564, 0.51282051282051277, 0.56818181818181812)
n: 100 | (0.64077669902912626, 0.50769230769230766, 0.5665236051502146)
n: 130 | (0.62950819672131153, 0.49230769230769234, 0.55251798561151078)
n: 150 | (0.6470588235294118, 0.50769230769230766, 0.56896551724137934)
doc_ 50
n: 10 | (0.64312267657992561, 0.44358974358974357, 0.52503793626707129)
n: 30 | (0.63732394366197187, 0.46410256410256412, 0.5370919881305638)
n: 50 | (0.6317567567567568, 0.4794871794871795, 0.54518950437317781)
n: 70 | (0.61694915254237293, 0.46666666666666667, 0.53138686131386859)
n: 100 | (0.6262626262626263, 0.47692307692307695, 0.54148471615720517)
n: 130 | (0.62962962962962965, 0.4794871794871795, 0.54439592430858808)
n: 150 | (0.6271186440677966, 0.47435897435897434, 0.54014598540145986)
doc_ 45
n: 10 | (0.60200668896321075, 0.46153846153846156, 0.52249637155297535)
n: 30 | (0.60237388724035612, 0.52051282051282055, 0.55845942228335621)
n: 50 | (0.59064327485380119, 0.517948717948718, 0.55191256830601099)
n: 70 | (0.58620689655172409, 0.52307692307692311, 0.55284552845528456)
n: 100 | (0.58404558404558404, 0.52564102564102566, 0.55330634278002699)
n: 130 | (0.59365994236311237, 0.52820512820512822, 0.55902306648575306)
n: 150 | (0.60174418604651159, 0.53076923076923077, 0.56403269754768393)
doc_ 40
n: 10 | (0.63356164383561642, 0.47435897435897434, 0.54252199413489732)
n: 30 | (0.61678832116788318, 0.43333333333333335, 0.50903614457831314)
n: 50 | (0.60409556313993173, 0.45384615384615384, 0.51830161054172763)
n: 70 | (0.60481099656357384, 0.45128205128205129, 0.51688693098384719)
n: 100 | (0.61694915254237293, 0.46666666666666667, 0.53138686131386859)
n: 130 | (0.59106529209621994, 0.44102564102564101, 0.50513950073421443)
n: 150 | (0.59859154929577463, 0.4358974358974359, 0.50445103857566753)
doc_ 35
n: 10 | (0.62641509433962261, 0.42564102564102563, 0.50687022900763368)
n: 30 | (0.63440860215053763, 0.45384615384615384, 0.52914798206278024)
n: 50 | (0.64768683274021355, 0.46666666666666667, 0.54247391952309987)
n: 70 | (0.62289562289562295, 0.47435897435897434, 0.53857350800582249)
n: 100 | (0.6376306620209059, 0.46923076923076923, 0.54062038404726731)
n: 130 | (0.64583333333333337, 0.47692307692307695, 0.54867256637168149)
n: 150 | (0.63380281690140849, 0.46153846153846156, 0.53412462908011871)
doc_ 30
n: 10 | (0.62949640287769781, 0.44871794871794873, 0.5239520958083832)
n: 30 | (0.60567823343848581, 0.49230769230769234, 0.54314002828854313)
n: 50 | (0.62662337662337664, 0.49487179487179489, 0.5530085959885388)
n: 70 | (0.61442006269592475, 0.50256410256410255, 0.55289139633286311)
n: 100 | (0.62422360248447206, 0.51538461538461533, 0.5646067415730337)
n: 130 | (0.61904761904761907, 0.5, 0.55319148936170215)
n: 150 | (0.64308681672025725, 0.51282051282051277, 0.57061340941512118)
doc_ 25
n: 10 | (0.59398496240601506, 0.40512820512820513, 0.48170731707317066)
n: 30 | (0.60236220472440949, 0.3923076923076923, 0.4751552795031056)
n: 50 | (0.620817843866171, 0.42820512820512818, 0.50682852807283774)
n: 70 | (0.60885608856088558, 0.42307692307692307, 0.49924357034795758)
n: 100 | (0.60966542750929364, 0.42051282051282052, 0.49772382397572074)
n: 130 | (0.59636363636363632, 0.42051282051282052, 0.49323308270676691)
n: 150 | (0.61172161172161177, 0.42820512820512818, 0.5037707390648567)
doc_ 20
n: 10 | (0.53773584905660377, 0.29230769230769232, 0.37873754152823913)
n: 30 | (0.53456221198156684, 0.29743589743589743, 0.38220757825370677)
n: 50 | (0.5758928571428571, 0.33076923076923076, 0.42019543973941359)
n: 70 | (0.56108597285067874, 0.31794871794871793, 0.40589198036006541)
n: 100 | (0.57547169811320753, 0.31282051282051282, 0.40531561461794013)
n: 130 | (0.56880733944954132, 0.31794871794871793, 0.40789473684210525)
n: 150 | (0.5663716814159292, 0.3282051282051282, 0.41558441558441556)
doc_ 15
n: 10 | (0.58715596330275233, 0.3282051282051282, 0.4210526315789474)
n: 30 | (0.57446808510638303, 0.34615384615384615, 0.43200000000000005)
n: 50 | (0.57959183673469383, 0.36410256410256409, 0.44724409448818897)
n: 70 | (0.57758620689655171, 0.34358974358974359, 0.43086816720257232)
n: 100 | (0.58799999999999997, 0.37692307692307692, 0.45937499999999998)
n: 130 | (0.58333333333333337, 0.35897435897435898, 0.44444444444444448)
n: 150 | (0.59090909090909094, 0.36666666666666664, 0.45253164556962033)
doc_ 10
n: 10 | (0.45652173913043476, 0.1076923076923077, 0.17427385892116187)
n: 30 | (0.45000000000000001, 0.11538461538461539, 0.18367346938775508)
n: 50 | (0.40776699029126212, 0.1076923076923077, 0.17038539553752535)
n: 70 | (0.41346153846153844, 0.11025641025641025, 0.17408906882591094)
n: 100 | (0.42307692307692307, 0.11282051282051282, 0.17813765182186234)
n: 130 | (0.42592592592592593, 0.11794871794871795, 0.18473895582329317)
n: 150 | (0.39423076923076922, 0.10512820512820513, 0.16599190283400808)
