doc_ 100
C: 100 |gamma: 0.1 | (0.78571428571428581, 0.19743589743589743, 0.3155737704918033)
C: 100 |gamma: 0.3 | (0.73124999999999996, 0.29999999999999999, 0.42545454545454542)
C: 100 |gamma: 1 | (0.66666666666666663, 0.37435897435897436, 0.47947454844006576)
C: 100 |gamma: 3 | (0.63498098859315588, 0.42820512820512818, 0.51148545176110261)
C: 100 |gamma: 10 | (0.62361623616236161, 0.43333333333333335, 0.5113464447806354)
C: 300 |gamma: 0.1 | (0.73417721518987344, 0.29743589743589743, 0.42335766423357668)
C: 300 |gamma: 0.3 | (0.67924528301886788, 0.36923076923076925, 0.47840531561461802)
C: 300 |gamma: 1 | (0.63396226415094337, 0.43076923076923079, 0.51297709923664125)
C: 300 |gamma: 3 | (0.61818181818181817, 0.4358974358974359, 0.51127819548872178)
C: 300 |gamma: 10 | (0.61724137931034484, 0.45897435897435895, 0.52647058823529413)
C: 1000 |gamma: 0.1 | (0.67123287671232879, 0.37692307692307692, 0.48275862068965514)
C: 1000 |gamma: 0.3 | (0.64015151515151514, 0.43333333333333335, 0.51681957186544347)
C: 1000 |gamma: 1 | (0.62633451957295372, 0.45128205128205129, 0.52459016393442626)
C: 1000 |gamma: 3 | (0.61672473867595823, 0.45384615384615384, 0.52289512555391437)
C: 1000 |gamma: 10 | (0.57859531772575246, 0.44358974358974357, 0.50217706821480401)
C: 3000 |gamma: 0.1 | (0.64015151515151514, 0.43333333333333335, 0.51681957186544347)
C: 3000 |gamma: 0.3 | (0.63082437275985659, 0.45128205128205129, 0.52615844544095669)
C: 3000 |gamma: 1 | (0.61428571428571432, 0.44102564102564101, 0.51343283582089549)
C: 3000 |gamma: 3 | (0.59655172413793101, 0.44358974358974357, 0.50882352941176467)
C: 3000 |gamma: 10 | (0.57823129251700678, 0.4358974358974359, 0.49707602339181295)
doc_ 95
C: 100 |gamma: 0.1 | (0.708860759493671, 0.14358974358974358, 0.23880597014925375)
C: 100 |gamma: 0.3 | (0.71165644171779141, 0.29743589743589743, 0.41952983725135623)
C: 100 |gamma: 1 | (0.66519823788546251, 0.38717948717948719, 0.48946515397082652)
C: 100 |gamma: 3 | (0.61048689138576784, 0.41794871794871796, 0.49619482496194833)
C: 100 |gamma: 10 | (0.62686567164179108, 0.43076923076923079, 0.5106382978723405)
C: 300 |gamma: 0.1 | (0.71875, 0.29487179487179488, 0.41818181818181821)
C: 300 |gamma: 0.3 | (0.66666666666666663, 0.37435897435897436, 0.47947454844006576)
C: 300 |gamma: 1 | (0.59925093632958804, 0.41025641025641024, 0.48706240487062402)
C: 300 |gamma: 3 | (0.6179775280898876, 0.42307692307692307, 0.50228310502283102)
C: 300 |gamma: 10 | (0.59925093632958804, 0.41025641025641024, 0.48706240487062402)
C: 1000 |gamma: 0.1 | (0.65929203539823011, 0.38205128205128203, 0.48376623376623384)
C: 1000 |gamma: 0.3 | (0.5955056179775281, 0.40769230769230769, 0.48401826484018268)
C: 1000 |gamma: 1 | (0.6028368794326241, 0.4358974358974359, 0.50595238095238093)
C: 1000 |gamma: 3 | (0.60142348754448394, 0.43333333333333335, 0.50372578241430699)
C: 1000 |gamma: 10 | (0.59230769230769231, 0.39487179487179486, 0.47384615384615381)
C: 3000 |gamma: 0.1 | (0.59774436090225569, 0.40769230769230769, 0.48475609756097565)
C: 3000 |gamma: 0.3 | (0.59859154929577463, 0.4358974358974359, 0.50445103857566753)
C: 3000 |gamma: 1 | (0.59440559440559437, 0.4358974358974359, 0.50295857988165682)
C: 3000 |gamma: 3 | (0.58333333333333337, 0.39487179487179486, 0.47094801223241589)
C: 3000 |gamma: 10 | (0.60902255639097747, 0.41538461538461541, 0.49390243902439024)
doc_ 90
C: 100 |gamma: 0.1 | (0.77922077922077926, 0.15384615384615385, 0.2569593147751606)
C: 100 |gamma: 0.3 | (0.71942446043165476, 0.25641025641025639, 0.37807183364839325)
C: 100 |gamma: 1 | (0.62244897959183676, 0.31282051282051282, 0.41638225255972694)
C: 100 |gamma: 3 | (0.59414225941422594, 0.36410256410256409, 0.45151033386327505)
C: 100 |gamma: 10 | (0.58333333333333337, 0.37692307692307692, 0.45794392523364486)
C: 300 |gamma: 0.1 | (0.72142857142857142, 0.258974358974359, 0.38113207547169814)
C: 300 |gamma: 0.3 | (0.61855670103092786, 0.30769230769230771, 0.41095890410958907)
C: 300 |gamma: 1 | (0.57983193277310929, 0.35384615384615387, 0.43949044585987262)
C: 300 |gamma: 3 | (0.5855513307984791, 0.39487179487179486, 0.47166921898928016)
C: 300 |gamma: 10 | (0.56776556776556775, 0.39743589743589741, 0.46757164404223228)
C: 1000 |gamma: 0.1 | (0.62051282051282053, 0.31025641025641026, 0.4136752136752137)
C: 1000 |gamma: 0.3 | (0.58823529411764708, 0.35897435897435898, 0.44585987261146504)
C: 1000 |gamma: 1 | (0.58148148148148149, 0.40256410256410258, 0.47575757575757582)
C: 1000 |gamma: 3 | (0.57818181818181813, 0.40769230769230769, 0.47819548872180451)
C: 1000 |gamma: 10 | (0.56617647058823528, 0.39487179487179486, 0.46525679758308158)
C: 3000 |gamma: 0.1 | (0.59090909090909094, 0.36666666666666664, 0.45253164556962033)
C: 3000 |gamma: 0.3 | (0.56226415094339621, 0.38205128205128203, 0.45496183206106866)
C: 3000 |gamma: 1 | (0.55944055944055948, 0.41025641025641024, 0.47337278106508873)
C: 3000 |gamma: 3 | (0.56690140845070425, 0.4128205128205128, 0.47774480712166173)
C: 3000 |gamma: 10 | (0.55072463768115942, 0.38974358974358975, 0.45645645645645649)
doc_ 85
C: 100 |gamma: 0.1 | (0.82558139534883723, 0.18205128205128204, 0.29831932773109249)
C: 100 |gamma: 0.3 | (0.77852348993288589, 0.29743589743589743, 0.43042671614100175)
C: 100 |gamma: 1 | (0.76732673267326723, 0.39743589743589741, 0.52364864864864868)
C: 100 |gamma: 3 | (0.72532188841201728, 0.43333333333333335, 0.54253611556982351)
C: 100 |gamma: 10 | (0.69960474308300391, 0.45384615384615384, 0.55054432348367033)
C: 300 |gamma: 0.1 | (0.77333333333333321, 0.29743589743589743, 0.42962962962962969)
C: 300 |gamma: 0.3 | (0.7628865979381444, 0.37948717948717947, 0.50684931506849318)
C: 300 |gamma: 1 | (0.72268907563025209, 0.44102564102564101, 0.54777070063694266)
C: 300 |gamma: 3 | (0.66536964980544744, 0.43846153846153846, 0.52859350850077269)
C: 300 |gamma: 10 | (0.66914498141263934, 0.46153846153846156, 0.54628224582701068)
C: 1000 |gamma: 0.1 | (0.755, 0.38717948717948719, 0.51186440677966105)
C: 1000 |gamma: 0.3 | (0.72033898305084743, 0.4358974358974359, 0.54313099041533541)
C: 1000 |gamma: 1 | (0.65758754863813229, 0.43333333333333335, 0.5224111282843894)
C: 1000 |gamma: 3 | (0.65808823529411753, 0.45897435897435895, 0.54078549848942592)
C: 1000 |gamma: 10 | (0.63928571428571423, 0.45897435897435895, 0.5343283582089553)
C: 3000 |gamma: 0.1 | (0.72457627118644063, 0.43846153846153846, 0.5463258785942493)
C: 3000 |gamma: 0.3 | (0.66283524904214564, 0.44358974358974357, 0.53149001536098317)
C: 3000 |gamma: 1 | (0.62949640287769781, 0.44871794871794873, 0.5239520958083832)
C: 3000 |gamma: 3 | (0.62544169611307421, 0.45384615384615384, 0.5260029717682021)
C: 3000 |gamma: 10 | (0.62230215827338131, 0.44358974358974357, 0.51796407185628746)
doc_ 80
C: 100 |gamma: 0.1 | (0.79487179487179482, 0.15897435897435896, 0.26495726495726496)
C: 100 |gamma: 0.3 | (0.78512396694214881, 0.24358974358974358, 0.37181996086105673)
C: 100 |gamma: 1 | (0.70491803278688525, 0.33076923076923076, 0.45026178010471202)
C: 100 |gamma: 3 | (0.65975103734439833, 0.40769230769230769, 0.50396196513470681)
C: 100 |gamma: 10 | (0.61851851851851847, 0.42820512820512818, 0.50606060606060599)
C: 300 |gamma: 0.1 | (0.7804878048780487, 0.24615384615384617, 0.37426900584795331)
C: 300 |gamma: 0.3 | (0.71666666666666667, 0.33076923076923076, 0.45263157894736838)
C: 300 |gamma: 1 | (0.64777327935222673, 0.41025641025641024, 0.50235478806907374)
C: 300 |gamma: 3 | (0.61290322580645162, 0.43846153846153846, 0.51121076233183849)
C: 300 |gamma: 10 | (0.61538461538461542, 0.47179487179487178, 0.5341074020319303)
C: 1000 |gamma: 0.1 | (0.70270270270270274, 0.33333333333333331, 0.4521739130434782)
C: 1000 |gamma: 0.3 | (0.64634146341463417, 0.40769230769230769, 0.5)
C: 1000 |gamma: 1 | (0.59507042253521125, 0.43333333333333335, 0.50148367952522255)
C: 1000 |gamma: 3 | (0.59932659932659937, 0.4564102564102564, 0.5181950509461426)
C: 1000 |gamma: 10 | (0.58785942492012777, 0.47179487179487178, 0.5234708392603129)
C: 3000 |gamma: 0.1 | (0.64489795918367343, 0.40512820512820513, 0.49763779527559049)
C: 3000 |gamma: 0.3 | (0.59027777777777779, 0.4358974358974359, 0.50147492625368728)
C: 3000 |gamma: 1 | (0.58688524590163937, 0.45897435897435895, 0.51510791366906483)
C: 3000 |gamma: 3 | (0.59076923076923082, 0.49230769230769234, 0.53706293706293717)
C: 3000 |gamma: 10 | (0.5901639344262295, 0.46153846153846156, 0.51798561151079148)

doc_ 70
C: 100 |gamma: 0.1 | (0.78749999999999998, 0.16153846153846155, 0.26808510638297872)
C: 100 |gamma: 0.3 | (0.73717948717948723, 0.29487179487179488, 0.42124542124542125)
C: 100 |gamma: 1 | (0.69499999999999984, 0.35641025641025642, 0.47118644067796611)
C: 100 |gamma: 3 | (0.67699115044247793, 0.3923076923076923, 0.49675324675324672)
C: 100 |gamma: 10 | (0.68067226890756305, 0.41538461538461541, 0.51592356687898089)
C: 300 |gamma: 0.1 | (0.73248407643312086, 0.29487179487179488, 0.42047531992687392)
C: 300 |gamma: 0.3 | (0.70050761421319796, 0.35384615384615387, 0.47018739352640548)
C: 300 |gamma: 1 | (0.67965367965367962, 0.40256410256410258, 0.50563607085346218)
C: 300 |gamma: 3 | (0.66255144032921809, 0.4128205128205128, 0.50868878357030023)
C: 300 |gamma: 10 | (0.64206642066420661, 0.44615384615384618, 0.52647503782148264)
C: 1000 |gamma: 0.1 | (0.68932038834951459, 0.36410256410256409, 0.47651006711409394)
C: 1000 |gamma: 0.3 | (0.68103448275862055, 0.40512820512820513, 0.50803858520900314)
C: 1000 |gamma: 1 | (0.64143426294820716, 0.4128205128205128, 0.5023400936037441)
C: 1000 |gamma: 3 | (0.62825278810408924, 0.43333333333333335, 0.51289833080424896)
C: 1000 |gamma: 10 | (0.62878787878787878, 0.42564102564102563, 0.50764525993883791)
C: 3000 |gamma: 0.1 | (0.68103448275862055, 0.40512820512820513, 0.50803858520900314)
C: 3000 |gamma: 0.3 | (0.64031620553359681, 0.41538461538461541, 0.50388802488335926)
C: 3000 |gamma: 1 | (0.59430604982206403, 0.42820512820512818, 0.49776453055141573)
C: 3000 |gamma: 3 | (0.61956521739130432, 0.43846153846153846, 0.51351351351351338)
C: 3000 |gamma: 10 | (0.62015503875968991, 0.41025641025641024, 0.49382716049382708)
doc_ 65
C: 100 |gamma: 0.1 | (0.86991869918699183, 0.27435897435897438, 0.4171539961013645)
C: 100 |gamma: 0.3 | (0.80116959064327486, 0.35128205128205126, 0.48841354723707664)
C: 100 |gamma: 1 | (0.6776859504132231, 0.42051282051282052, 0.51898734177215189)
C: 100 |gamma: 3 | (0.65845070422535223, 0.4794871794871795, 0.55489614243323448)
C: 100 |gamma: 10 | (0.64516129032258063, 0.51282051282051277, 0.5714285714285714)
C: 300 |gamma: 0.1 | (0.79289940828402361, 0.34358974358974359, 0.47942754919499098)
C: 300 |gamma: 0.3 | (0.68669527896995708, 0.41025641025641024, 0.5136436597110754)
C: 300 |gamma: 1 | (0.64930555555555558, 0.4794871794871795, 0.55162241887905605)
C: 300 |gamma: 3 | (0.63606557377049178, 0.49743589743589745, 0.55827338129496396)
C: 300 |gamma: 10 | (0.63207547169811318, 0.51538461538461533, 0.56779661016949146)
C: 1000 |gamma: 0.1 | (0.68032786885245899, 0.42564102564102563, 0.52365930599369082)
C: 1000 |gamma: 0.3 | (0.65384615384615385, 0.4794871794871795, 0.55325443786982254)
C: 1000 |gamma: 1 | (0.625, 0.5, 0.55555555555555558)
C: 1000 |gamma: 3 | (0.62691131498470953, 0.52564102564102566, 0.57182705718270577)
C: 1000 |gamma: 10 | (0.62857142857142856, 0.50769230769230766, 0.5617021276595745)
C: 3000 |gamma: 0.1 | (0.65140845070422537, 0.47435897435897434, 0.54896142433234429)
C: 3000 |gamma: 0.3 | (0.63430420711974111, 0.50256410256410255, 0.56080114449213159)
C: 3000 |gamma: 1 | (0.61538461538461542, 0.51282051282051277, 0.55944055944055948)
C: 3000 |gamma: 3 | (0.60493827160493829, 0.50256410256410255, 0.5490196078431373)
C: 3000 |gamma: 10 | (0.60624999999999996, 0.49743589743589745, 0.54647887323943656)
doc_ 60
C: 100 |gamma: 0.1 | (0.76543209876543195, 0.15897435897435896, 0.26326963906581741)
C: 100 |gamma: 0.3 | (0.63636363636363635, 0.25128205128205128, 0.36029411764705876)
C: 100 |gamma: 1 | (0.61722488038277512, 0.33076923076923076, 0.43071786310517529)
C: 100 |gamma: 3 | (0.60162601626016265, 0.37948717948717947, 0.46540880503144655)
C: 100 |gamma: 10 | (0.599290780141844, 0.43333333333333335, 0.50297619047619047)
C: 300 |gamma: 0.1 | (0.63636363636363635, 0.25128205128205128, 0.36029411764705876)
C: 300 |gamma: 0.3 | (0.61463414634146341, 0.32307692307692309, 0.42352941176470593)
C: 300 |gamma: 1 | (0.59514170040485825, 0.37692307692307692, 0.46153846153846156)
C: 300 |gamma: 3 | (0.59107806691449816, 0.40769230769230769, 0.48254931714719274)
C: 300 |gamma: 10 | (0.60067114093959728, 0.45897435897435895, 0.52034883720930236)
C: 1000 |gamma: 0.1 | (0.60765550239234445, 0.32564102564102565, 0.42404006677796324)
C: 1000 |gamma: 0.3 | (0.58799999999999997, 0.37692307692307692, 0.45937499999999998)
C: 1000 |gamma: 1 | (0.58333333333333337, 0.4128205128205128, 0.48348348348348347)
C: 1000 |gamma: 3 | (0.607773851590106, 0.44102564102564101, 0.51114413075780085)
C: 1000 |gamma: 10 | (0.60135135135135132, 0.4564102564102564, 0.51895043731778423)
C: 3000 |gamma: 0.1 | (0.58799999999999997, 0.37692307692307692, 0.45937499999999998)
C: 3000 |gamma: 0.3 | (0.58181818181818179, 0.41025641025641024, 0.48120300751879697)
C: 3000 |gamma: 1 | (0.58718861209964412, 0.42307692307692307, 0.49180327868852453)
C: 3000 |gamma: 3 | (0.61538461538461542, 0.45128205128205129, 0.52071005917159763)
C: 3000 |gamma: 10 | (0.5895765472312704, 0.46410256410256412, 0.51936872309899584)
doc_ 55
C: 100 |gamma: 0.1 | (0.77011494252873558, 0.1717948717948718, 0.2809224318658281)
C: 100 |gamma: 0.3 | (0.73484848484848497, 0.24871794871794872, 0.37164750957854403)
C: 100 |gamma: 1 | (0.7103825136612022, 0.33333333333333331, 0.45375218150087254)
C: 100 |gamma: 3 | (0.65686274509803921, 0.34358974358974359, 0.45117845117845118)
C: 100 |gamma: 10 | (0.64255319148936174, 0.38717948717948719, 0.48319999999999996)
C: 300 |gamma: 0.1 | (0.73282442748091603, 0.24615384615384617, 0.36852207293666028)
C: 300 |gamma: 0.3 | (0.7134831460674157, 0.32564102564102565, 0.44718309859154931)
C: 300 |gamma: 1 | (0.65853658536585358, 0.34615384615384615, 0.45378151260504207)
C: 300 |gamma: 3 | (0.64192139737991272, 0.37692307692307692, 0.47495961227786754)
C: 300 |gamma: 10 | (0.63740458015267176, 0.42820512820512818, 0.51226993865030668)
C: 1000 |gamma: 0.1 | (0.71428571428571419, 0.33333333333333331, 0.45454545454545447)
C: 1000 |gamma: 0.3 | (0.66995073891625612, 0.3487179487179487, 0.45868465430016853)
C: 1000 |gamma: 1 | (0.64830508474576276, 0.3923076923076923, 0.48881789137380188)
C: 1000 |gamma: 3 | (0.60799999999999998, 0.38974358974358975, 0.47499999999999998)
C: 1000 |gamma: 10 | (0.62825278810408924, 0.43333333333333335, 0.51289833080424896)
C: 3000 |gamma: 0.1 | (0.66502463054187189, 0.34615384615384615, 0.45531197301854964)
C: 3000 |gamma: 0.3 | (0.64489795918367343, 0.40512820512820513, 0.49763779527559049)
C: 3000 |gamma: 1 | (0.57089552238805974, 0.3923076923076923, 0.46504559270516715)
C: 3000 |gamma: 3 | (0.63099630996309963, 0.43846153846153846, 0.51739788199697434)
C: 3000 |gamma: 10 | (0.62453531598513012, 0.43076923076923079, 0.50986342943854324)
doc_ 50
C: 100 |gamma: 0.1 | (0.77922077922077926, 0.15384615384615385, 0.2569593147751606)
C: 100 |gamma: 0.3 | (0.69230769230769229, 0.25384615384615383, 0.37148217636022512)
C: 100 |gamma: 1 | (0.5935828877005348, 0.2846153846153846, 0.38474870017331031)
C: 100 |gamma: 3 | (0.57641921397379914, 0.33846153846153848, 0.42649434571890144)
C: 100 |gamma: 10 | (0.56060606060606055, 0.37948717948717947, 0.45259938837920483)
C: 300 |gamma: 0.1 | (0.69444444444444442, 0.25641025641025639, 0.37453183520599248)
C: 300 |gamma: 0.3 | (0.58918918918918917, 0.27948717948717949, 0.37913043478260872)
C: 300 |gamma: 1 | (0.58590308370044053, 0.34102564102564104, 0.43111831442463533)
C: 300 |gamma: 3 | (0.58467741935483875, 0.37179487179487181, 0.45454545454545459)
C: 300 |gamma: 10 | (0.54770318021201414, 0.39743589743589741, 0.46062407132243677)
C: 1000 |gamma: 0.1 | (0.58602150537634412, 0.27948717948717949, 0.37847222222222221)
C: 1000 |gamma: 0.3 | (0.5822222222222222, 0.33589743589743587, 0.42601626016260158)
C: 1000 |gamma: 1 | (0.57768924302788849, 0.37179487179487181, 0.45241809672386901)
C: 1000 |gamma: 3 | (0.56159420289855078, 0.39743589743589741, 0.46546546546546547)
C: 1000 |gamma: 10 | (0.52649006622516559, 0.40769230769230769, 0.45953757225433534)
C: 3000 |gamma: 0.1 | (0.57777777777777772, 0.33333333333333331, 0.42276422764227639)
C: 3000 |gamma: 0.3 | (0.5662650602409639, 0.36153846153846153, 0.44131455399061031)
C: 3000 |gamma: 1 | (0.54577464788732399, 0.39743589743589741, 0.4599406528189911)
C: 3000 |gamma: 3 | (0.52159468438538203, 0.40256410256410258, 0.45441389290882778)
C: 3000 |gamma: 10 | (0.4935064935064935, 0.38974358974358975, 0.43553008595988535)
doc_ 45
C: 100 |gamma: 0.1 | (0.81132075471698117, 0.22051282051282051, 0.34677419354838707)
C: 100 |gamma: 0.3 | (0.78807947019867552, 0.30512820512820515, 0.43992606284658048)
C: 100 |gamma: 1 | (0.70813397129186606, 0.37948717948717947, 0.49415692821368939)
C: 100 |gamma: 3 | (0.64227642276422769, 0.40512820512820513, 0.49685534591194969)
C: 100 |gamma: 10 | (0.63272727272727269, 0.44615384615384618, 0.52330827067669172)
C: 300 |gamma: 0.1 | (0.78807947019867552, 0.30512820512820515, 0.43992606284658048)
C: 300 |gamma: 0.3 | (0.7219512195121951, 0.37948717948717947, 0.49747899159663866)
C: 300 |gamma: 1 | (0.66393442622950816, 0.41538461538461541, 0.51104100946372244)
C: 300 |gamma: 3 | (0.62890625, 0.4128205128205128, 0.49845201238390097)
C: 300 |gamma: 10 | (0.60264900662251653, 0.46666666666666667, 0.52601156069364174)
C: 1000 |gamma: 0.1 | (0.69953051643192488, 0.38205128205128203, 0.49419568822553894)
C: 1000 |gamma: 0.3 | (0.65182186234817818, 0.4128205128205128, 0.50549450549450547)
C: 1000 |gamma: 1 | (0.64682539682539686, 0.41794871794871796, 0.50778816199376953)
C: 1000 |gamma: 3 | (0.62456140350877198, 0.4564102564102564, 0.52740740740740732)
C: 1000 |gamma: 10 | (0.58103975535168195, 0.48717948717948717, 0.52998605299860524)
C: 3000 |gamma: 0.1 | (0.65432098765432101, 0.40769230769230769, 0.50236966824644547)
C: 3000 |gamma: 0.3 | (0.64864864864864868, 0.43076923076923079, 0.51771956856702617)
C: 3000 |gamma: 1 | (0.64143426294820716, 0.4128205128205128, 0.5023400936037441)
C: 3000 |gamma: 3 | (0.58437499999999998, 0.4794871794871795, 0.52676056338028177)
C: 3000 |gamma: 10 | (0.59050445103857563, 0.51025641025641022, 0.54745529573590102)
doc_ 40
C: 100 |gamma: 0.1 | (0.69767441860465107, 0.15384615384615385, 0.25210084033613445)
C: 100 |gamma: 0.3 | (0.65254237288135597, 0.19743589743589743, 0.30314960629921262)
C: 100 |gamma: 1 | (0.64429530201342278, 0.24615384615384617, 0.35621521335807055)
C: 100 |gamma: 3 | (0.62857142857142856, 0.28205128205128205, 0.38938053097345127)
C: 100 |gamma: 10 | (0.61538461538461542, 0.3487179487179487, 0.44517184942716853)
C: 300 |gamma: 0.1 | (0.65254237288135597, 0.19743589743589743, 0.30314960629921262)
C: 300 |gamma: 0.3 | (0.64383561643835618, 0.24102564102564103, 0.35074626865671643)
C: 300 |gamma: 1 | (0.63428571428571423, 0.2846153846153846, 0.39292035398230085)
C: 300 |gamma: 3 | (0.61691542288557211, 0.31794871794871793, 0.41962774957698812)
C: 300 |gamma: 10 | (0.582995951417004, 0.36923076923076925, 0.45211930926216642)
C: 1000 |gamma: 0.1 | (0.63576158940397354, 0.24615384615384617, 0.35489833641404811)
C: 1000 |gamma: 0.3 | (0.63276836158192096, 0.28717948717948716, 0.39506172839506171)
C: 1000 |gamma: 1 | (0.63451776649746194, 0.32051282051282054, 0.42589437819420789)
C: 1000 |gamma: 3 | (0.61038961038961037, 0.36153846153846153, 0.45410628019323668)
C: 1000 |gamma: 10 | (0.5725490196078431, 0.37435897435897436, 0.45271317829457364)
C: 3000 |gamma: 0.1 | (0.62643678160919536, 0.27948717948717949, 0.38652482269503546)
C: 3000 |gamma: 0.3 | (0.60752688172043012, 0.28974358974358977, 0.39236111111111116)
C: 3000 |gamma: 1 | (0.6071428571428571, 0.3487179487179487, 0.44299674267100975)
C: 3000 |gamma: 3 | (0.55849056603773584, 0.37948717948717947, 0.45190839694656482)
C: 3000 |gamma: 10 | (0.54166666666666663, 0.36666666666666664, 0.437308868501529)
doc_ 35
C: 100 |gamma: 0.1 | (0.74757281553398058, 0.19743589743589743, 0.31237322515212984)
C: 100 |gamma: 0.3 | (0.68382352941176472, 0.23846153846153847, 0.35361216730038025)
C: 100 |gamma: 1 | (0.66874999999999996, 0.27435897435897438, 0.3890909090909091)
C: 100 |gamma: 3 | (0.63492063492063489, 0.30769230769230771, 0.41450777202072542)
C: 100 |gamma: 10 | (0.61261261261261257, 0.3487179487179487, 0.44444444444444442)
C: 300 |gamma: 0.1 | (0.68888888888888888, 0.23846153846153847, 0.35428571428571431)
C: 300 |gamma: 0.3 | (0.67532467532467544, 0.26666666666666666, 0.38235294117647051)
C: 300 |gamma: 1 | (0.63888888888888884, 0.29487179487179488, 0.40350877192982454)
C: 300 |gamma: 3 | (0.63207547169811318, 0.34358974358974359, 0.44518272425249172)
C: 300 |gamma: 10 | (0.62857142857142856, 0.39487179487179486, 0.48503937007874015)
C: 1000 |gamma: 0.1 | (0.66666666666666663, 0.27179487179487177, 0.38615664845173037)
C: 1000 |gamma: 0.3 | (0.6404494382022472, 0.29230769230769232, 0.40140845070422537)
C: 1000 |gamma: 1 | (0.64467005076142136, 0.32564102564102565, 0.43270868824531522)
C: 1000 |gamma: 3 | (0.61373390557939911, 0.36666666666666664, 0.45906902086677359)
C: 1000 |gamma: 10 | (0.59409594095940954, 0.4128205128205128, 0.48714069591527981)
C: 3000 |gamma: 0.1 | (0.63636363636363635, 0.28717948717948716, 0.39575971731448761)
C: 3000 |gamma: 0.3 | (0.62827225130890052, 0.30769230769230771, 0.4130808950086059)
C: 3000 |gamma: 1 | (0.62445414847161573, 0.36666666666666664, 0.46203554119547657)
C: 3000 |gamma: 3 | (0.60076045627376429, 0.40512820512820513, 0.48392036753445639)
C: 3000 |gamma: 10 | (0.5892857142857143, 0.42307692307692307, 0.49253731343283585)
doc_ 30
C: 100 |gamma: 0.1 | (0.75510204081632659, 0.18974358974358974, 0.30327868852459011)
C: 100 |gamma: 0.3 | (0.6827586206896552, 0.25384615384615383, 0.37009345794392523)
C: 100 |gamma: 1 | (0.65116279069767447, 0.28717948717948716, 0.39857651245551595)
C: 100 |gamma: 3 | (0.65555555555555556, 0.30256410256410254, 0.4140350877192982)
C: 100 |gamma: 10 | (0.6271929824561403, 0.36666666666666664, 0.4627831715210356)
C: 300 |gamma: 0.1 | (0.6875, 0.25384615384615383, 0.37078651685393255)
C: 300 |gamma: 0.3 | (0.65142857142857147, 0.29230769230769232, 0.40353982300884955)
C: 300 |gamma: 1 | (0.64640883977900554, 0.29999999999999999, 0.40980735551663744)
C: 300 |gamma: 3 | (0.63380281690140849, 0.34615384615384615, 0.44776119402985082)
C: 300 |gamma: 10 | (0.57707509881422925, 0.37435897435897436, 0.45412130637636083)
C: 1000 |gamma: 0.1 | (0.65142857142857147, 0.29230769230769232, 0.40353982300884955)
C: 1000 |gamma: 0.3 | (0.64640883977900554, 0.29999999999999999, 0.40980735551663744)
C: 1000 |gamma: 1 | (0.63636363636363635, 0.32307692307692309, 0.42857142857142866)
C: 1000 |gamma: 3 | (0.59832635983263593, 0.36666666666666664, 0.45468998410174877)
C: 1000 |gamma: 10 | (0.57692307692307687, 0.42307692307692307, 0.48816568047337272)
C: 3000 |gamma: 0.1 | (0.64835164835164838, 0.30256410256410254, 0.41258741258741261)
C: 3000 |gamma: 0.3 | (0.63020833333333337, 0.31025641025641026, 0.41580756013745707)
C: 3000 |gamma: 1 | (0.62727272727272732, 0.35384615384615387, 0.4524590163934426)
C: 3000 |gamma: 3 | (0.55769230769230771, 0.37179487179487181, 0.44615384615384618)
C: 3000 |gamma: 10 | (0.54870129870129869, 0.43333333333333335, 0.48424068767908307)
doc_ 25
C: 100 |gamma: 0.1 | (0.61224489795918369, 0.076923076923076927, 0.13667425968109342)
C: 100 |gamma: 0.3 | (0.59999999999999998, 0.10000000000000001, 0.17142857142857143)
C: 100 |gamma: 1 | (0.58620689655172409, 0.13076923076923078, 0.21383647798742139)
C: 100 |gamma: 3 | (0.59999999999999998, 0.16923076923076924, 0.26400000000000001)
C: 100 |gamma: 10 | (0.55555555555555558, 0.28205128205128205, 0.37414965986394561)
C: 300 |gamma: 0.1 | (0.61538461538461542, 0.10256410256410256, 0.17582417582417587)
C: 300 |gamma: 0.3 | (0.60240963855421692, 0.12820512820512819, 0.21141649048625796)
C: 300 |gamma: 1 | (0.60416666666666663, 0.14871794871794872, 0.23868312757201646)
C: 300 |gamma: 3 | (0.59398496240601506, 0.20256410256410257, 0.30210325047801145)
C: 300 |gamma: 10 | (0.52830188679245282, 0.35897435897435898, 0.42748091603053434)
C: 1000 |gamma: 0.1 | (0.6071428571428571, 0.13076923076923078, 0.21518987341772156)
C: 1000 |gamma: 0.3 | (0.58510638297872342, 0.14102564102564102, 0.22727272727272724)
C: 1000 |gamma: 1 | (0.57692307692307687, 0.19230769230769232, 0.28846153846153849)
C: 1000 |gamma: 3 | (0.54736842105263162, 0.26666666666666666, 0.35862068965517241)
C: 1000 |gamma: 10 | (0.50666666666666671, 0.38974358974358975, 0.44057971014492758)
C: 3000 |gamma: 0.1 | (0.58510638297872342, 0.14102564102564102, 0.22727272727272724)
C: 3000 |gamma: 0.3 | (0.59595959595959591, 0.15128205128205127, 0.24130879345603265)
C: 3000 |gamma: 1 | (0.56000000000000005, 0.2153846153846154, 0.31111111111111112)
C: 3000 |gamma: 3 | (0.53612167300380231, 0.36153846153846153, 0.43185298621745782)
C: 3000 |gamma: 10 | (0.5092592592592593, 0.42307692307692307, 0.4621848739495798)
doc_ 20
C: 100 |gamma: 0.1 | (0.67391304347826086, 0.079487179487179482, 0.1422018348623853)
C: 100 |gamma: 0.3 | (0.60377358490566035, 0.082051282051282051, 0.14446952595936793)
C: 100 |gamma: 1 | (0.56578947368421051, 0.11025641025641025, 0.18454935622317598)
C: 100 |gamma: 3 | (0.47169811320754723, 0.12820512820512819, 0.20161290322580644)
C: 100 |gamma: 10 | (0.44886363636363635, 0.20256410256410257, 0.27915194346289751)
C: 300 |gamma: 0.1 | (0.60377358490566035, 0.082051282051282051, 0.14446952595936793)
C: 300 |gamma: 0.3 | (0.58571428571428574, 0.10512820512820513, 0.17826086956521739)
C: 300 |gamma: 1 | (0.47826086956521741, 0.11282051282051282, 0.18257261410788383)
C: 300 |gamma: 3 | (0.4315068493150685, 0.16153846153846155, 0.23507462686567163)
C: 300 |gamma: 10 | (0.45833333333333331, 0.22564102564102564, 0.30240549828178692)
C: 1000 |gamma: 0.1 | (0.58571428571428574, 0.10512820512820513, 0.17826086956521739)
C: 1000 |gamma: 0.3 | (0.5, 0.11282051282051282, 0.18410041841004182)
C: 1000 |gamma: 1 | (0.4765625, 0.15641025641025641, 0.23552123552123552)
C: 1000 |gamma: 3 | (0.46408839779005523, 0.2153846153846154, 0.29422066549912429)
C: 1000 |gamma: 10 | (0.48444444444444446, 0.27948717948717949, 0.35447154471544717)
C: 3000 |gamma: 0.1 | (0.50602409638554213, 0.1076923076923077, 0.17758985200845667)
C: 3000 |gamma: 0.3 | (0.47272727272727277, 0.13333333333333333, 0.20800000000000002)
C: 3000 |gamma: 1 | (0.45569620253164556, 0.18461538461538463, 0.26277372262773724)
C: 3000 |gamma: 3 | (0.42364532019704432, 0.22051282051282051, 0.29005059021922425)
C: 3000 |gamma: 10 | (0.48132780082987559, 0.29743589743589743, 0.36767036450079238)
doc_ 15
C: 100 |gamma: 0.1 | (0.80000000000000004, 0.041025641025641026, 0.078048780487804878)
C: 100 |gamma: 0.3 | (0.73333333333333328, 0.056410256410256411, 0.10476190476190478)
C: 100 |gamma: 1 | (0.71875, 0.058974358974358973, 0.10900473933649289)
C: 100 |gamma: 3 | (0.5625, 0.13846153846153847, 0.22222222222222224)
C: 100 |gamma: 10 | (0.52105263157894732, 0.25384615384615383, 0.34137931034482755)
C: 300 |gamma: 0.1 | (0.75862068965517238, 0.056410256410256411, 0.10501193317422436)
C: 300 |gamma: 0.3 | (0.74193548387096775, 0.058974358974358973, 0.10926365795724466)
C: 300 |gamma: 1 | (0.56603773584905659, 0.076923076923076927, 0.13544018058690743)
C: 300 |gamma: 3 | (0.55405405405405406, 0.21025641025641026, 0.30483271375464682)
C: 300 |gamma: 10 | (0.54741379310344829, 0.32564102564102565, 0.40836012861736332)
C: 1000 |gamma: 0.1 | (0.71875, 0.058974358974358973, 0.10900473933649289)
C: 1000 |gamma: 0.3 | (0.74193548387096775, 0.058974358974358973, 0.10926365795724466)
C: 1000 |gamma: 1 | (0.5625, 0.13846153846153847, 0.22222222222222224)
C: 1000 |gamma: 3 | (0.51595744680851063, 0.24871794871794872, 0.33564013840830453)
C: 1000 |gamma: 10 | (0.49615384615384617, 0.33076923076923076, 0.39692307692307705)
C: 3000 |gamma: 0.1 | (0.71875, 0.058974358974358973, 0.10900473933649289)
C: 3000 |gamma: 0.3 | (0.54545454545454541, 0.076923076923076927, 0.13483146067415733)
C: 3000 |gamma: 1 | (0.5547945205479452, 0.2076923076923077, 0.30223880597014924)
C: 3000 |gamma: 3 | (0.54185022026431717, 0.31538461538461537, 0.39870340356564016)
C: 3000 |gamma: 10 | (0.50370370370370365, 0.3487179487179487, 0.41212121212121205)
doc_ 10
C: 100 |gamma: 0.1 | (1.0, 0.0076923076923076927, 0.015267175572519085)
C: 100 |gamma: 0.3 | (1.0, 0.0076923076923076927, 0.015267175572519085)
C: 100 |gamma: 1 | (1.0, 0.0076923076923076927, 0.015267175572519085)
C: 100 |gamma: 3 | (1.0, 0.015384615384615385, 0.030303030303030307)
C: 100 |gamma: 10 | (0.70588235294117652, 0.030769230769230771, 0.058968058968058963)
C: 300 |gamma: 0.1 | (1.0, 0.0076923076923076927, 0.015267175572519085)
C: 300 |gamma: 0.3 | (1.0, 0.0076923076923076927, 0.015267175572519085)
C: 300 |gamma: 1 | (1.0, 0.010256410256410256, 0.020304568527918784)
C: 300 |gamma: 3 | (0.81818181818181823, 0.023076923076923078, 0.044887780548628436)
C: 300 |gamma: 10 | (0.42105263157894729, 0.041025641025641026, 0.07476635514018691)
C: 1000 |gamma: 0.1 | (1.0, 0.0076923076923076927, 0.015267175572519085)
C: 1000 |gamma: 0.3 | (1.0, 0.0076923076923076927, 0.015267175572519085)
C: 1000 |gamma: 1 | (0.8571428571428571, 0.015384615384615385, 0.030226700251889168)
C: 1000 |gamma: 3 | (0.77777777777777768, 0.035897435897435895, 0.068627450980392149)
C: 1000 |gamma: 10 | (0.37096774193548387, 0.058974358974358973, 0.10176991150442478)
C: 3000 |gamma: 0.1 | (1.0, 0.0076923076923076927, 0.015267175572519085)
C: 3000 |gamma: 0.3 | (1.0, 0.0076923076923076927, 0.015267175572519085)
C: 3000 |gamma: 1 | (0.83333333333333337, 0.02564102564102564, 0.049751243781094516)
C: 3000 |gamma: 3 | (0.45945945945945948, 0.043589743589743588, 0.07962529274004683)
C: 3000 |gamma: 10 | (0.33750000000000002, 0.069230769230769235, 0.11489361702127661)

